
1 2.00401e+06
2 1345.7
3 2238.94
4 1957.45
5 2996.01
6 3546.51
7 3203.15
8 5310
9 6693.16
10 3928.08
11 4661.76
12 5490.96
13 5605.18
14 4102.27
15 7014.79
16 3297.51
17 2947.84
18 5095.5
19 5633.75
20 6086.44
21 7413.44
22 7025.74
23 6886.6
24 4702.83
25 5919.59
26 10733.8
27 6519.19
28 9544.19
29 7112.14
30 10870.4
31 8131.95
32 5507.14
1 1.04603e+06
2 890.033
3 2081.14
4 2994.89
5 3680.3
6 4654.14
7 4477.76
8 4767.65
9 5105.39
10 5177.95
11 2762.34
12 5728.12
13 8781.93
14 8745.82
15 7993
16 5587.31
17 3836.64
18 6521.68
19 5679.75
20 8334.93
21 6377.15
22 2948.27
23 6536.46
24 7922.61
25 7441.51
26 8037.47
27 10193.5
28 8949.21
29 7732.37
30 9415.32
31 7005.72
32 5293.69
1 1.38889e+06
2 1326.96
3 2717.19
4 2323.81
5 3119.05
6 3419.54
7 5020.56
8 7341.76
9 5330.8
10 4472.41
11 3875.16
12 7256.21
13 6232.65
14 5647.64
15 4767.28
16 5062.48
17 6174.18
18 6625.22
19 1856.51
20 8536.59
21 5802.57
22 4973.81
23 7289.13
24 1576.94
25 9143.58
26 5738.46
27 7010.09
28 9555.01
29 6342.24
30 8753.2
31 5835.5
32 10474.8
1 941620
2 245.774
3 278.08
4 3429.33
5 4129.93
6 2856.36
7 3867.25
8 4213.28
9 5994.14
10 5778.39
11 5161.02
12 4831.77
13 10753.4
14 7056.09
15 5309.31
16 8667.83
17 5544.89
18 10234.1
19 7230.45
20 6395.88
21 5611.01
22 8607.43
23 7817.31
24 7227.02
25 5723.1
26 5129.6
27 6024.35
28 5776.89
29 6330.52
30 11328.8
31 8705.7
32 4456.15
1 1.03199e+06
2 1108.78
3 1860.12
4 1894.43
5 1915.24
6 4065.71
7 4070.41
8 3357.79
9 4811.32
10 4232.13
11 5189.67
12 3803.44
13 3413.55
14 2689.59
15 5025.74
16 4760.31
17 6147.03
18 4534.28
19 6344.91
20 3669.37
21 86.9057
22 6592.05
23 6975.64
24 6993.73
25 4709.97
26 6450.96
27 7218.29
28 9935.76
29 8731.91
30 8025.6
31 8866.57
32 8521.81
1 1.21065e+06
2 1637.35
3 2311.87
4 3538.59
5 4682.87
6 2385.36
7 4920.65
8 5120.92
9 2510.03
10 6604.08
11 5710.4
12 9916.57
13 6923.49
14 7735.2
15 6658.64
16 5393.61
17 6490.79
18 8011.85
19 5314.1
20 10327
21 8871.86
22 6254.08
23 7595.47
24 8291.87
25 6617.75
26 7218.65
27 7868.76
28 8273.55
29 5657.78
30 5470.51
31 7036.8
32 8683.41
1 4.7619e+06
2 1740.42
3 3263.5
4 1648.35
5 3187.36
6 4162.66
7 5692.93
8 3961.05
9 5369.82
10 3478.42
11 6252.15
12 7970.28
13 10917.2
14 7084.58
15 6614.33
16 7766
17 6077.24
18 5291.81
19 5019.44
20 6308.79
21 7646.18
22 4550.12
23 7205.52
24 5467.81
25 5790.85
26 7892.24
27 7289.99
28 4855.67
29 7560.23
30 5124.16
31 8333.73
32 6389.38
1 1.90476e+06
2 1671.69
3 2572.03
4 2829.35
5 3687.66
6 4009
7 4377.53
8 6462.99
9 5348.45
10 6808.96
11 5760.37
12 2702.73
13 6299.17
14 2812.72
15 8585.63
16 5981.63
17 6509.55
18 3463
19 2855.84
20 9404.99
21 7304.09
22 2290.53
23 3379.44
24 2988.54
25 4863.53
26 6511.71
27 6789.58
28 7220.29
29 4000.51
30 4643.95
31 6225.63
32 5278.68
